AGENCY_SIMPLE_GROUP:818000000
818018700
818026200
818011900
818011500
818015700
818011000
818058001
818026300
818026020
818011600
818017700
818019100
818026666
818058020
818018800
818012000
818018500
818026001
818011700
818017800
818011680
818009904
818009905
818037020
818018600
818026100
818013700
818015600
818017900
818026900
818026500
818037001
818016700

AGENCY_SIMPLE_GROUP:818010000
818018700
818011900
818011500
818015700
818011000
818011600
818017700
818019100
818018800
818012000
818018500
818011700
818017800
818011680
818018600
818013700
818015600
818017900
818016700

AGENCY_SIMPLE_GROUP:818020000
818026200
818026300
818026020
818026666
818026001
818009904
818009905
818026100
818026900
818026500

AGENCY_SIMPLE_GROUP:818030000
818037020
818037001

AGENCY_SIMPLE_GROUP:818050000
818058001
818058020

